NAME: test
TYPE: TSP
DIMENSION: 9
NODE_COORD_TYPE: NO_COORDS
EDGE_WEIGHT_TYPE: EXPLICIT
DISPLAY_DATA_TYPE: NO_DISPLAY
EDGE_WEIGHT_FORMAT: FULL_MATRIX
EDGE_WEIGHT_SECTION:
0 879 986 922 935 853 879 953 1000
879 0 986 985 926 781 290 942 984
986 986 0 984 955 973 986 928 866
922 985 984 0 953 959 985 985 1000
935 926 955 953 0 483 926 917 981
853 781 973 959 483 0 781 902 969
879 290 986 985 926 781 0 942 984
953 942 928 985 917 902 942 0 984
1000 984 866 1000 981 969 984 984 0
EOF